# oST version 5.0 parameters


[image]

width
1280

height
960

[narrow_stereo]

camera matrix
978.042684 0.000000 636.210375
0.000000 980.683218 497.683353
0.000000 0.000000 1.000000

distortion
0.139655 -0.224428 0.002672 0.001072 0.000000

rectification
1.000000 0.000000 0.000000
0.000000 1.000000 0.000000
0.000000 0.000000 1.000000

projection
996.346313 0.000000 636.915193 0.000000
0.000000 1001.204468 499.284071 0.000000
0.000000 0.000000 1.000000 0.000000
